17465
17469
17410
17457
17409
17400
17440
17475
17432
17467
17387
17466
17396
17464
17451
17417
17448
17390
17455
17423
17406
17479
17479
17427
17391
17402
17446
17386
17383
17393
17404
17403
17477
17430
17462
17463
17424
17449
17405
17447
17441
17399
17426
17452
17436
17419
17459
17437
17473
17389
17470
17453
17476
17395
17429
17454
17434
17435
17397
17460
17416
17407
17433
17418
17415
17381
17401
17398
17394
17380
17411
17420
17450
17422
17471
17438
17443
17385
17442
17413
17468
17431
17478
17444
17439
17425
17384
17428
17456
17458
17445
17461
17414
17392
17412
17388
17421
17408
17768
17246
17713
17600
17726
17972
17157
17262
17170
17066
17489
17225
17259
17781
17878
17505
17296
17818
17844
17517
18002
17258
17497
17306
17173
17007
17824
17015
17907
17865
17684
17274
17990
17922
17212
17873
17877
17480
17527
17254
17515
17928
17483
17266
17853
17978
17292
17660
17091
17992
17886
17253
17541
17106
17965
17675
17008
17678
18001
17694
17092
17961
17662
17163
17951
17850
17539
17984
17756
17724
17866
17671
17646
17588
17570
17125
17035
17317
17077
17168
17313
17248
17601
17975
17098
17648
17140
17144
17351
17374
17094
17858
17200
17778
17247
17243
17706
17699
17707
17065
17964
17923
17924
17057
17705
17859
17673
17295
17364
17287
17294
17927
17350
17375
17217
17142
17133
17919
17286
17535
17891
17230
17012
17747
17085
17935
17185
17780
17708
17943
17862
17301
17178
17353
17493
17044
17580
17486
17193
17283
17976
17925
17207
17610
17712
17183
17802
17897
17596
17793
17980
17631
17499
17155
17994
17889
17226
17131
17534
17267
17868
17815
17221
17017
17271
17265
17047
17107
17249
17024
17528
17846
17624
17620
17229
17293
17330
17968
17070
17884
17948
17770
17198
17905
17181
17566
17572
17555
17109
17084
17063
17674
17784
17632
17808
17080
17281
17055
17360
17949
17887
17983
17151
17130
17737
17359
17507
17366
17165
17795
17335
17626
17576
17654
17197
17761
17339
17182
17514
17203
17277
17639
17556
17004
17323
17772
17926
17211
17117
17573
17299
17831
17164
17124
17830
17805
17071
17074
17758
17061
17492
17039
17779
17636
17324
17308
17215
17210
17206
17064
17040
17179
17599
17278
17571
17102
17792
17801
17765
17597
17934
17227
17167
17563
17723
17010
17774
17263
17616
17615
17798
17653
17999
17250
17328
17973
17820
17879
17041
17562
17911
17936
17553
17255
17950
17913
17245
17791
17764
17669
17304
17171
17031
17568
17613
17327
17003
17113
17548
17059
17303
17644
17533
17361
17767
17021
17511
17715
17701
17037
17082
17807
17285
17242
17348
17006
17914
17883
17838
17997
17959
17957
17833
17119
17731
17234
17257
17496
17909
17733
17127
17026
17219
17204
17819
17749
17966
17153
17769
17810
17565
17890
17048
17643
17529
17822
17343
17284
17953
17569
17275
17186
17269
17264
17147
17584
17522
17160
17892
17728
17558
17738
17088
17746
17649
17693
17904
17549
17213
17848
17941
17856
17199
17933
17367
17880
17835
17760
17828
17915
17325
17148
17885
17175
17239
17766
17851
17777
17736
17800
17825
17670
17128
17516
17028
17847
17561
17551
17829
17337
17512
17812
17530
17918
17111
17931
17988
17697
17854
17280
17139
17690
17378
17177
17598
17773
17149
17494
17484
17338
17145
17979
17376
17804
17864
17755
17985
17625
17192
17357
17547
17607
17552
17365
17612
17744
17297
17796
17195
17902
17832
17062
17134
17290
17938
17340
17650
17962
17937
17863
17683
17751
17072
17241
17960
17487
17969
17518
17503
17154
17320
17235
17097
17073
17020
17899
17794
17840
17659
17836
17108
17166
17932
17685
17352
17251
17161
17688
17590
17523
17579
17371
17813
17202
17233
17727
17722
17544
17700
17075
17803
17917
17524
17508
17606
17209
17498
17060
17260
17540
17152
17482
17042
17603
17032
17589
17582
17874
17346
17870
17725
18000
17952
17347
17318
17224
17996
17720
17307
17334
17172
17930
17977
17052
17814
17506
17201
17118
17716
17647
17560
17116
17640
17714
17587
17058
17090
17763
17974
17729
17652
17525
17126
17710
17502
17635
17289
17672
17666
17018
17695
17273
17069
17218
17719
17272
17910
17377
17681
17691
17609
17025
17742
17298
17083
17947
17753
17156
17629
17526
17895
17876
17842
17332
17309
17238
17786
17291
17491
17159
17554
17665
17123
17076
17009
17143
17750
17310
17138
17532
17657
17605
17314
17114
17191
17501
17945
17788
17860
17682
17485
17158
17841
17732
17011
17676
17920
17302
17231
17500
17967
17135
17341
17345
17086
17545
17843
17958
17622
17481
17027
17735
17370
17232
17971
17816
17129
17054
17867
17105
17940
17762
17989
17104
17987
17536
17782
17372
17223
17594
17490
17721
17194
17702
17656
17315
17995
17252
17585
17559
17022
17509
17095
17882
17875
17783
17704
17045
17900
17050
17785
17228
17679
17344
17946
17809
17550
17362
17893
17709
17869
17775
17618
17627
17546
17282
17655
17651
17823
17099
17190
17903
17908
17189
17488
17852
17184
17321
17240
17718
17363
17602
17604
17369
17916
17664
17634
17638
17305
17336
17754
17954
17564
17110
17521
17929
17845
17329
17216
17322
17680
18005
17019
17811
17079
17115
17689
17331
17752
17575
17855
17132
17741
17288
17595
17237
17101
17986
17081
17051
17495
17214
17734
17244
17100
17537
17839
17628
17180
17136
17806
17256
17797
17169
18008
17898
17316
17857
18009
17578
17046
17998
17034
17279
17896
17617
17236
17014
17730
17196
17645
17711
17220
17349
17333
17748
17089
17944
17162
17776
18004
17901
17326
17174
17056
17745
17826
17608
17067
17510
17319
17956
17894
17300
17122
17921
17520
18003
17641
17740
17581
17703
17078
17504
17939
18006
17637
18007
17358
17205
17677
17379
17187
17698
17611
17567
17093
17787
17623
17013
17771
17668
17053
17311
17356
17103
17036
14211
11285
8921
10030
8422
16950
8460
17120
16290
11120
14594
14941
14661
15527
11566
11968
15352
9291
9684
8708
10790
12969
16792
14444
16112
13765
8897
9706
15231
15275
13514
9457
14347
13728
11623
8616
14401
10728
15216
14421
9200
13845
15305
15695
12138
16172
14674
14007
12833
10024
10732
8611
16525
14990
9884
10239
16702
15416
15141
13423
10005
13756
8255
13984
8841
8433
11197
12554
13597
12625
9385
12837
16284
11717
13488
11349
9372
15130
11382
12953
9857
11295
9426
12918
10925
10738
15327
18013
13665
11878
14635
10442
14281
14399
16226
15431
16535
8453
13214
15987
9441
15308
12289
13184
8471
9719
13876
16943
9768
14912
9522
15463
9761
14295
11246
14922
16580
10967
13575
8215
11134
8610
9701
14743
10819
9083
12070
14160
11911
9078
15425
9627
13342
16438
14705
12900
15164
10768
17150
9802
10696
9303
16419
13329
14391
9068
14079
15417
13084
15383
11379
8802
15139
11021
8411
15191
8742
9283
8034
8379
16944
13959
9490
8701
11850
10911
8228
15402
11466
11818
13350
10195
15777
13373
13269
16720
13798
16094
15468
15236
16108
13195
9887
15020
14625
8275
13477
16115
14797
14216
9180
18015
14843
13102
9658
16764
16740
15068
8954
11611
11127
10198
13969
9697
8302
11402
8071
12238
9782
15097
10435
13125
15088
16902
15706
12299
12407
16220
10253
14860
8535
10359
12261
8983
8354
16552
8232
15384
14161
10978
9064
13376
9740
15895
13441
15990
15000
14094
10150
10318
16626
12566
15742
11077
9777
16084
11568
15175
14271
12356
8687
16963
13553
11825
12047
13336
16335
9013
14277
12551
11226
14602
13822
9800
13986
10988
15804
8599
12043
9311
13324
15328
14574
11738
8343
11866
13172
10540
13569
16251
17981
16521
16601
11973
10207
13430
14840
16489
14360
8184
15033
15168
10528
12394
15078
11650
16971
8373
13162
13836
8831
13988
8670
15441
11877
13136
16825
13982
15940
11414
10444
12354
8999
11768
13154
16234
12306
11243
13323
9700
16069
13652
16436
15260
8785
16130
14250
10827
9922
11001
8600
15669
15632
11668
9961
12122
15521
14457
14976
8404
11447
11103
10038
9835
11417
8377
9022
13405
13390
12588
13092
14493
10610
12674
10083
9127
16528
16574
15659
11706
11181
13434
15429
15467
12545
9396
12532
13022
9170
9477
13265
16889
15873
15841
14458
9552
16164
8576
16076
8659
15918
14895
13770
11031
10392
16044
8313
16186
14653
11900
15003
12764
15996
15181
16563
12436
13594
16877
9654
8357
13626
10793
12074
10470
14671
15624
14060
14815
12084
13201
8939
14917
9949
12432
12661
10062
8518
15341
11646
11043
13068
14382
14157
12840
9390
10504
9362
8826
16861
12419
16414
11329
14904
12767
8485
8821
15418
13261
11813
8681
8607
14528
16285
14269
14643
16423
14968
15945
14867
8105
15887
15368
11560
9253
12044
8082
9008
8680
16850
15112
8142
11651
15426
11734
13453
9121
12475
14068
15892
15385
11995
8463
14657
11320
10140
10701
9186
12454
10001
9229
13197
8731
8820
15551
14560
14381
13217
16355
15017
8481
8257
15046
12156
11229
17002
12329
16065
9281
15984
11644
11058
12417
13762
10686
9624
12952
12619
10655
11790
11863
9609
12292
14719
11528
15500
16038
10194
10026
16782
8237
8254
14314
14611
8506
15120
13516
10048
11994
14561
13899
8543
8879
11140
9343
9555
8912
8943
8768
12191
13211
13795
11539
8696
8382
14103
10989
10635
11619
8590
15144
16176
10415
14735
16733
11033
16261
11310
11105
12751
8326
11751
16201
15372
12874
17912
14693
15024
10261
9364
12386
12135
15684
16492
11481
12298
10551
8372
8192
16155
12679
8944
14572
16459
13238
8788
16398
16501
16651
13175
14352
14133
14346
13902
9876
8928
13016
15085
9698
10561
8455
10525
14762
10789
8799
11770
13038
12190
12996
15981
14987
14193
16853
15783
10604
12823
13713
10575
15104
15476
14033
10184
13471
11455
8964
16337
11726
9034
13747
10495
9233
15162
12819
11307
8292
15947
11445
10603
16477
16728
12277
8362
16804
14861
9577
8176
14739
15872
10283
11059
15773
13262
11403
10719
9712
9023
13057
8729
12146
16083
11647
11343
12803
13487
12831
10498
12022
14850
16539
15062
11073
15697
9693
10735
11249
12342
10294
10491
11472
9617
9021
10770
16602
8344
12487
8365
15440
9950
9406
15495
15601
10632
9892
8710
9288
16161
8259
9411
9076
11760
12985
15959
14261
13033
9210
10958
13188
13396
15322
10424
10572
10882
14716
14136
10763
15573
10284
15501
11364
11258
11639
15188
11905
16122
12110
16587
13614
9948
8528
16385
11085
12766
9280
8028
10814
15202
16070
10464
16054
14147
11036
12595
14420
10629
8423
15008
9451
13601
11262
8305
14953
15039
14921
11144
16429
16926
11332
15267
16833
13886
13347
14188
8033
15329
14893
12597
15814
15249
11279
9689
8205
14707
12504
13249
11096
9903
8525
13004
12505
13780
16499
16716
10553
13900
10468
15980
14668
16880
15916
17030
16053
11305
11076
8677
11960
11837
11090
16295
15733
11221
12654
10774
9608
16008
10403
16475
14199
15226
11944
12557
14045
10666
15348
9755
11195
13176
8787
16100
13289
14179
11928
15234
10803
10681
9973
16437
15149
16216
10484
8626
11415
10679
9951
11913
9878
12822
10453
12480
12167
10350
11697
13445
10846
9856
13534
12093
9992
15875
12035
10175
13725
8860
11457
10562
17087
13259
9261
14224
13881
13609
8282
15805
13868
11233
10928
8700
10554
11217
9568
10960
10389
8632
16077
10386
9938
12328
8789
14470
14344
9987
12179
13874
11082
13288
8380
12947
15215
13566
11069
16970
15670
12197
11788
12541
8492
11901
12997
14662
10894
12099
15555
14789
15399
13000
17188
9473
9024
11408
11606
11955
12119
16583
11842
8973
16500
10289
12713
10486
12105
12928
14337
9934
8097
12087
9971
13044
14062
13782
16666
10241
16007
10585
13527
11938
13641
9275
16679
13402
14830
14253
14245
14349
14873
16731
15941
15052
9019
14410
10358
15943
13270
14384
10813
9358
14474
8311
16357
11029
8429
8503
12706
10861
13682
11931
12979
8339
8084
13758
17574
12320
12457
10534
8991
10924
15523
16885
15197
16697
15533
16735
11030
11543
10672
14608
14926
11590
11530
13108
14548
12071
12856
12854
12370
14501
13700
13783
11974
10219
9368
11799
16410
13400
8633
13573
10951
9486
12749
11318
16157
12540
13941
15618
12304
10705
12137
12371
11454
8990
15818
14529
10472
13563
11887
9102
10096
15401
11977
10466
13922
8246
12169
16515
14641
15163
10807
15123
10652
13661
14087
12755
13240
15509
9975
10563
11235
11064
10886
8263
8401
11699
8374
8534
15484
10832
11727
17016
11949
15680
14521
8868
15239
9487
8782
10299
14581
16102
16288
16614
16472
16900
12891
9725
15607
10716
14070
9089
14847
15449
9965
8733
15387
11612
10107
13458
14329
9921
11631
15823
16178
13370
10031
12479
12835
9924
8212
13978
8735
13451
12453
10101
10119
10717
10669
8229
15953
16469
15337
15281
13348
15309
10312
11852
14839
9190
9567
9318
15971
12234
16250
16198
9183
16983
16093
16341
11573
16758
12836
13218
12804
13438
12785
11656
13520
11972
16599
11935
16307
14737
12162
11128
14331
14025
9147
9381
12097
13866
16470
14523
9661
16136
12743
15357
14889
16229
15386
10264
9815
10315
10053
12797
8834
12018
13151
16846
9370
10918
12045
16592
14375
14807
12274
15734
13779
15031
16342
13993
16694
10009
13015
15776
8355
16187
10177
14916
16964
14689
14590
13157
9238
8479
11538
11467
15931
15099
15288
8333
9213
12957
16027
15022
16555
14109
8812
14335
8132
13931
12630
15092
12399
10046
12150
11975
13017
9970
13486
8512
11987
14105
16918
9235
15651
12293
9203
10753
8704
15270
16339
10345
15687
15409
11967
12339
11545
9848
14238
16513
12283
8392
10761
9460
13638
8261
11247
12578
14167
9863
15374
16117
15424
16822
8216
8531
12607
8295
9798
14675
11851
9505
8542
15005
11719
15585
11237
12992
10025
9042
15430
16922
16033
11132
12281
9279
14028
9915
12851
14883
8714
10659
8847
14366
15396
14289
16386
10725
9436
14788
14855
9704
13158
9326
9900
11175
9836
14725
13088
10220
11896
16493
12826
10883
12442
12212
16715
9206
16151
15909
13785
11902
17222
15568
13793
15294
8945
8060
10203
9009
9290
13085
13130
8951
12591
10268
14015
12482
15367
13013
15503
10023
11070
12344
13203
13515
13060
8940
14774
15794
14585
8904
9018
16194
10032
12494
14664
10332
11084
9585
13055
16585
10848
14894
11795
10363
10187
9285
10618
8612
16876
15975
12938
11858
16252
13754
13422
14311
11584
10095
8794
8098
10367
15238
10860
11434
16022
8869
10931
16340
13010
13058
9379
9071
16854
8966
14681
13639
10422
11068
17141
16947
9258
12066
17642
14838
11245
10297
8262
9274
15027
11104
8444
10262
16074
12203
14011
10568
15313
10068
13144
16829
16067
10721
9629
14090
13630
16575
12739
8970
9116
12611
14449
15826
10071
13340
10754
14544
11826
11086
12838
10017
11822
8042
9014
13760
12649
16721
13065
11802
10545
14973
9339
10539
15490
8551
12130
12193
16498
12971
16230
15053
16345
11971
16401
8718
12168
8065
15283
16046
12523
11970
10999
13701
14729
14805
14862
10398
10968
9382
16496
15553
14869
13603
16638
15563
16464
9614
8726
8651
12589
10858
10019
11289
16114
11835
10235
16969
16109
14500
14099
13286
12284
13230
16159
10867
12846
8519
11628
11709
8961
13768
12065
10977
13718
11923
14460
15952
16059
8360
14617
11961
11763
11198
16382
11025
9754
14116
16260
8393
13187
12655
8998
15498
12665
10810
10254
14433
10660
15948
15274
12471
8987
15775
8790
10408
10383
13129
12268
15259
14537
11798
8932
10844
16722
15342
16937
13266
10709
16765
17963
9108
9729
9940
16154
11271
13135
10971
14646
12352
12788
10899
12220
10879
10035
15970
12400
9167
10748
8478
9492
10122
14117
14891
14483
16404
14694
9874
13404
8596
14274
9161
13504
12980
9580
15379
12041
9879
14754
10395
15737
16292
14956
11781
16904
11509
8109
14570
16990
16882
14392
16673
15961
11048
14618
14254
11659
8103
16440
16233
15579
14066
14706
10876
16772
15868
9316
13555
15333
11670
11290
16762
9877
13254
14490
12027
13764
10646
14578
13206
9293
15713
11288
15293
14435
10273
14169
9295
10493
11510
14393
12844
15015
14782
9205
12771
16323
8678
14196
16727
13938
8722
9573
12608
12855
14338
11750
14177
16062
9449
14132
13498
13302
17023
16763
16193
16468
9718
8745
15690
12083
9264
13391
11897
10674
13583
16826
10849
8684
12296
14442
16934
12310
14959
9047
9985
8671
10615
13634
16571
10520
17543
9556
9359
16406
9201
12626
12241
8613
16845
10949
10224
8658
12095
8947
8761
11591
15505
13333
14288
12673
14233
13649
13035
13579
15080
11201
16855
17663
10937
14055
16874
12848
10801
9604
16569
13839
15448
15179
14534
14909
16839
10611
16368
13271
10680
13234
8495
13160
16455
10021
15989
14859
10688
11123
10022
16531
10880
12508
13050
12350
16312
16713
15176
13976
16982
10800
10670
14702
11423
12098
9282
12067
10799
9454
13059
15992
8174
13152
12631
10649
8118
9462
10248
12319
9780
9271
15411
12581
13062
11363
12659
9455
14497
11701
13185
11352
15995
8036
16786
14610
12627
8598
14629
14888
11157
10816
9175
15993
14763
15880
15821
15623
14122
10339
9847
10898
17593
8717
14937
9901
9484
17146
11373
13751
12702
14074
8417
12680
9529
8975
9576
13972
12530
12752
8346
9413
8025
13242
16221
14936
9792
10612
8773
16473
11462
15321
9103
8962
16793
13251
11163
14244
9547
14831
12573
8090
10060
14373
12756
9669
10280
13734
15977
13478
16611
12657
10805
10317
10893
9980
9165
12476
9431
13838
8516
8131
8195
12451
16860
13598
12129
8030
8758
14340
9039
8887
12951
11304
15511
8522
11469
15488
15950
11156
14395
10617
9611
13707
12866
10028
14945
12236
11503
9155
13733
14526
14516
14241
16013
12906
8129
9708
15473
10227
10381
14970
12939
9515
14453
9114
12297
11145
11212
14728
10319
13098
9799
13861
15863
10382
16753
15214
13036
10418
12412
8818
8464
16364
14452
10006
16510
8827
13497
8049
10881
9240
8654
8277
11091
12729
12944
13740
15314
10744
10249
15833
13596
10507
14751
16590
8692
13005
10265
13801
13935
10685
9404
9330
12153
17667
11339
15985
13590
11419
8627
16043
16301
9615
15433
15446
10040
13408
16808
13007
8694
15185
14505
8396
11344
11490
14846
9967
11399
15546
14489
13355
15974
10411
10584
16898
11621
15086
8037
8644
13660
9716
17005
14886
15447
13120
16298
14301
16776
13608
11488
12174
10474
11786
13260
15029
14680
12414
10255
16600
16200
8016
8734
10034
15714
13427
13511
9500
11238
11636
12584
15390
17696
13732
10945
8111
8806
10573
13096
10654
11525
14634
12219
10741
9060
13073
12632
16168
9338
13349
16670
13115
13252
10566
15353
16325
15378
15199
16142
14307
14880
8899
8268
10425
13703
16451
15799
15243
10645
14515
16796
11465
8208
10258
14027
13687
10589
11577
11894
9688
12635
16315
9634
11943
12081
16443
11890
14284
14731
8746
12710
16090
13106
10508
11394
9532
13823
13546
13898
15318
13513
9278
8467
14108
9536
13708
9329
15956
10692
13518
9751
8875
10228
9346
14170
12945
8165
8660
13367
8501
13305
11685
8179
9384
12652
8652
12920
15206
8286
16095
8126
11274
15201
9351
12893
16253
11477
15781
12575
15268
15432
9675
13778
11969
9373
15252
14463
15902
10092
12132
12463
14321
13659
15282
12331
13830
15009
13705
14829
14631
11679
10676
14166
16610
16560
15962
13031
10747
12403
8186
12943
14454
14313
16892
10560
13627
16564
15878
16506
9139
11792
11227
14265
14252
16545
9526
14353
13273
8269
16032
12723
10011
10463
14988
15514
12725
16352
10772
8958
12769
10090
16817
15255
15524
14075
12651
15757
8266
14949
15054
8881
13729
16139
12282
11729
14461
8994
10402
15290
13403
11695
15330
14942
14258
11633
11915
10547
9508
12948
15808
13476
14387
9429
11054
11102
13002
14123
16129
16917
10079
15561
11168
11014
12062
10549
11603
10888
9323
16811
10625
10458
10509
13698
9801
14637
10959
13223
16395
11903
12816
12811
15278
15771
13394
11147
15019
16453
14832
15407
16991
16449
14518
12223
11012
9105
10724
8777
15420
10057
9461
9464
12596
13934
16281
13023
11572
14492
10461
11355
10082
16479
14863
17001
14652
15822
11817
9737
10973
16706
9865
10055
13264
15772
9135
11255
9468
13480
9172
9795
12209
8743
16217
12430
10257
8359
8272
14927
9989
10105
8673
10247
9852
16676
11522
11441
15021
11206
9230
14616
8713
14592
15044
11815
16805
9501
9007
15890
12303
10287
8629
13229
15250
12871
11782
9928
11079
10178
9514
13506
9932
14144
10730
12253
13437
8911
16948
8642
13565
14551
13834
10687
8198
9418
14991
15041
11138
8300
13536
13121
9793
9142
16547
13653
10047
15474
13556
18016
15466
12290
15540
9959
10812
14226
15035
12059
14628
9365
13723
15921
8163
16369
13221
12218
11555
13295
13875
8814
14035
13387
13020
8389
11184
14673
14486
13335
9595
9207
15028
14124
8061
8449
14726
14567
8322
11007
8986
15966
15849
8942
16213
14488
16280
9399
11098
9062
17368
16999
16212
15650
11669
12224
15939
15486
13142
15703
9589
9357
14459
9400
15388
15842
16189
10157
15098
9833
13204
12629
10397
8593
10636
13401
13109
15619
13159
16258
15801
12905
12178
15186
16400
9786
14325
15722
13781
11762
8135
14471
15877
11158
14902
16317
13928
12182
12180
12600
17474
14879
12450
14757
13275
12676
8461
11416
12125
16170
9051
14999
15317
13526
12497
15923
16045
14791
8482
14037
17538
9668
9738
11531
8739
11110
14996
8288
14121
15711
9439
10811
10661
13937
8689
15851
16609
12353
8723
12164
12390
11446
12634
11693
10505
17827
9760
8032
14944
12559
14058
13049
15113
16799
10941
14272
12527
14752
13410
13784
15203
13267
8276
13679
10927
12094
13481
10335
15574
12001
13100
10305
9710
15264
14263
12183
11393
15200
14408
8873
12703
11162
13576
11348
16598
14530
13998
14411
14155
13192
12942
9163
8493
13156
11789
13411
13311
15692
11452
12413
13915
13789
15988
10155
12926
14076
11234
13168
15741
12012
14052
9378
17029
8695
11035
8849
9911
14828
11957
16026
12914
16057
14185
8397
14872
8102
9345
12991
16263
13585
9812
13999
13947
12628
12334
9115
11753
8149
13496
16494
14071
12378
12862
10878
9839
10492
15227
11223
10634
12485
16029
14597
9622
11268
9976
12845
12513
12379
9831
12258
12415
8347
10734
13887
14686
13524
8564
16788
17354
11929
15204
13257
14095
9686
11119
14813
8438
15630
14480
10413
10201
16225
16624
12924
10781
15129
11100
10134
15462
12389
11741
11933
9925
10477
15370
13072
10582
14877
9096
12063
10533
11486
11796
10443
10108
10208
9962
9671
12741
15198
10706
10983
15866
10538
13246
13446
8737
14614
15458
12509
12405
15403
9301
8844
9952
8304
10834
15789
16192
9748
9266
11582
8496
16989
15915
14043
8584
11824
11557
8164
13346
16739
10327
16834
11908
16051
16504
10902
16516
13593
15567
11291
13263
11624
12411
10355
17661
11801
11594
15658
10324
12196
12316
11941
16921
10726
10251
13903
10007
13040
14773
8409
10594
8341
8781
8892
15548
10089
16692
15248
9579
15782
14138
12384
11493
15645
14849
16717
11451
10426
14042
16903
16048
8018
11691
11044
16872
11397
8870
16540
16309
9178
8855
11567
12444
12262
12033
13788
9509
12525
9003
12198
10914
9333
16972
11875
15166
15702
11170
13552
15755
15751
9496
11141
13101
10313
16071
15256
9425
8207
16567
12599
13011
14397
8857
16689
13200
10242
14887
15363
15133
14802
10304
12025
14809
9438
16214
14001
14180
8715
11342
11526
12691
11193
10347
14721
8245
15070
11155
16714
9493
10863
14081
15508
13859
12507
10190
8349
11099
16338
8225
12340
13407
8432
16279
9470
14304
15380
8698
8668
14929
11769
14732
9530
16327
13775
14712
10434
16659
13877
8988
8470
10775
11239
14423
11864
13613
15683
13138
8133
13832
10044
8353
9241
13965
9543
9563
9354
9489
13683
13024
14097
8351
15949
15298
9541
14660
14379
8066
15161
15813
12647
9616
8905
11744
15613
8508
15316
13431
15816
12800
10454
11167
15208
16107
15963
13628
9152
16191
14508
13212
13811
16375
11171
13341
8330
8079
10506
16746
11270
13244
16328
12458
12235
14365
8172
11210
9143
16908
10574
11125
9958
13198
15900
8306
17759
13369
9016
10126
13164
15119
9239
12735
8838
8895
16616
9632
17849
17633
10521
8250
10703
8800
11118
15381
8375
13475
15515
13428
8128
15371
10689
8950
12170
8898
8866
11413
9825
8450
9056
14876
14359
16959
8797
16105
8057
13304
13449
12982
12345
13250
15997
14598
9286
9355
15286
15207
10488
9292
15109
15518
12616
11224
9517
9325
10817
10979
14703
12786
12682
10371
9294
12660
12361
13835
15279
13831
14924
9881
13433
14158
14049
16206
16098
9136
8996
10842
8014
8989
9448
15343
16696
8871
8530
16448
14778
8451
11359
9423
14952
10213
8703
11988
9086
9674
9459
15586
15077
12009
8390
16104
12707
11632
16512
9762
12366
10077
13582
16712
13794
8882
11057
8191
9898
16452
15478
9735
14056
10290
16524
10780
13878
16909
9633
15361
13688
16306
12007
11039
15406
9226
15217
9494
8721
11357
13933
9252
14975
11252
9320
8356
14210
16123
8602
17312
12089
12077
10073
12733
8189
16273
16695
14200
14292
9174
16376
11982
12987
9095
11745
9196
12705
8202
15593
16282
13759
11496
14065
15346
15001
11008
11214
12867
14724
9476
10084
14803
8819
14607
15602
13419
17837
16797
16017
8265
8554
12746
9363
10384
9297
9145
13372
17208
12695
10061
14287
12602
16711
16906
9744
12935
13146
14315
15051
14038
8136
10436
15807
13774
11232
14436
15876
14665
15529
9262
8364
8550
11063
12251
12531
12814
11657
9988
10449
8981
9730
14173
11529
12782
15570
11986
14825
8415
13574
9350
16568
8763
14302
11200
9208
13276
13414
15457
12265
8567
15575
8907
10516
8441
14989
13274
16709
15723
8740
8984
9540
9030
14085
12820
10627
15633
15084
13215
11131
9050
10169
13706
16316
13855
11672
15369
14192
8308
13045
8753
14841
14046
13474
10892
13316
12658
16848
16319
13019
10637
16905
13501
14128
8499
15810
9927
16522
11476
12392
10664
16132
14086
13170
12519
16121
10334
9731
10986
15469
8487
11088
8177
16526
13448
13904
16389
13651
16878
10966
16278
13083
11661
11449
9079
9479
10948
16955
14619
12517
11884
8155
11865
8017
13051
10990
10451
8643
11586
11797
13817
9842
9065
14600
14388
8070
16532
9453
14771
16632
12301
14019
8759
10008
9109
13308
15174
11980
13731
12759
9918
12337
12536
11676
11498
15073
14947
11251
16912
16844
12318
11964
8702
11827
12999
15968
15093
14175
12355
9212
8579
15311
12715
13901
15244
12712
14450
16491
15459
11468
10357
14550
16559
13253
11319
11020
12358
11916
16405
13321
14738
10932
11097
14415
14524
12806
9456
16135
13854
16256
12516
13063
11664
8020
8399
14351
16987
10684
9422
12564
13365
16701
9084
13632
16199
8517
15739
15193
17621
8974
11501
16932
13173
9652
11716
15715
14050
11228
10285
14290
14935
10455
15829
15470
8813
8096
16769
14029
9954
9389
13873
9387
11463
14227
8603
10275
12917
8117
16841
11478
9181
10058
11575
10851
8243
8398
15578
12019
14871
12696
10991
12737
15934
16380
8280
14720
11705
16347
11087
9217
11404
9070
10963
13955
9860
9930
15195
13772
14100
14476
13450
10041
11605
16103
12474
8601
15912
10209
11066
12176
16326
12773
14130
14084
13647
12829
8893
15594
8488
13190
16738
12640
14780
12963
13587
10778
16320
13796
8811
15736
15786
13637
10059
13492
9033
10298
11532
8297
8769
13505
12885
10217
11130
8156
13847
10368
11037
9572
14666
11978
10950
15190
16754
11109
11570
10802
11094
8019
16060
13548
14468
10416
8366
15060
10965
8093
10567
14954
9605
13539
9524
11306
8123
16183
16529
11993
12242
8571
8889
14309
16336
17068
9403
17382
9184
12422
12257
11533
13207
13672
10437
16160
14475
8452
11733
16883
8291
9319
13852
12828
11231
12398
8548
13208
13664
15150
16940
8437
15727
16622
13879
16004
15376
12825
10431
16173
11041
16125
11400
9177
15843
9437
10131
8749
11153
13699
16321
11178
14297
10936
13069
9763
13843
8369
13231
12897
14424
10115
11443
11115
10054
15364
16283
14380
11520
16205
8594
15858
8930
12336
14107
15117
13127
8074
8568
11159
13942
9386
13971
10306
8686
13662
13105
15637
10663
13571
11256
8293
8256
15066
8615
8993
13461
12189
16302
10202
10797
12054
11711
10704
10246
8523
14659
14817
14021
15824
8371
15678
15837
14400
12391
11205
10409
17355
13037
14189
13606
12341
13691
14208
8091
14127
16732
14159
13825
13104
11844
14498
12148
10921
13752
11328
13502
16954
16061
10929
12112
14717
9747
9794
15588
13337
15749
10750
11093
11440
16747
16704
13981
12145
14445
13600
16895
12381
16330
10250
16777
16324
9784
11546
9037
16478
10825
10281
11505
17619
8669
9990
9581
14195
10127
12656
12762
14667
8435
16674
16605
11800
10779
8585
15147
11361
10852
12699
12374
16072
11013
9317
15779
16698
14928
8095
12173
11106
13280
10855
16257
12338
14181
9432
11686
8194
9092
13872
9046
15143
8977
10376
9562
14330
8301
10682
8537
11731
15443
16554
13029
9559
9443
10322
16835
10777
16211
13882
13927
14818
13465
8077
14051
12524
15391
11250
8853
13949
13994
10515
8808
12813
12989
16594
13667
16362
16669
15437
14026
12754
12850
11323
11491
8792
10619
12127
16682
11192
16055
13493
12431
8650
9606
9198
13132
11596
11269
14722
11470
14727
11718
11600
16358
16724
14687
11150
8997
9906
14341
13147
11714
11548
10907
14951
8716
13048
9692
8764
15560
15647
11095
16533
14165
15434
8124
12529
14376
14943
14260
10897
16427
16118
11954
15933
16652
14971
14565
13717
15519
14262
10739
9785
15392
16553
15075
9463
13193
15004
16543
15620
10712
17789
14654
9445
13459
12021
13983
8960
14275
9625
14204
14820
16896
8152
16831
9314
13148
12790
12109
13970
9890
8314
13283
12650
9908
13043
8640
14543
12498
12300
8837
14563
15641
13864
12859
13800
11387
11997
9469
14930
11940
9117
13829
8770
11778
11410
9410
10890
9120
11458
16346
14054
13006
12983
10794
10037
9808
10992
16080
8909
9035
11353
11261
16628
15897
10002
14596
15831
12011
16634
8462
12558
16235
9132
13644
9601
13344
11857
16562
16507
12638
13278
10957
9720
13668
8938
11038
12672
13853
14816
11962
16391
12006
11707
13755
12795
13744
11266
15310
16938
10923
10969
11708
8345
15795
13909
15157
11143
10529
12315
16561
16830
10843
11754
9471
10731
16734
12757
8063
10457
13490
13371
13856
9936
14669
10130
10519
10895
13567
14822
15414
12763
14896
11899
15091
12642
13153
15735
11023
13326
13530
8238
9220
10365
16849
10066
11383
10450
9859
10713
13374
11748
16363
13919
12950
13232
14036
9690
14014
10330
9664
8810
9107
12004
10353
11442
8840
8561
10939
16287
13890
13990
10186
11918
15479
16303
13272
13678
16748
15729
11277
10168
9254
9256
9377
8457
15152
10623
8069
12272
11294
16979
10908
10592
9521
16897
12603
14386
8967
8699
10354
14438
16185
13619
15717
12226
11263
9774
11674
8459
13123
10311
9817
15543
9164
9347
16294
15074
16079
12678
12113
8490
15076
16836
12159
15319
16916
15023
15006
14003
10541
11910
13806
11303
9613
11766
10110
14409
17373
13681
10884
15778
12550
15627
15140
9593
8712
8368
17033
11640
11112
16946
10137
17121
10715
9113
14767
8589
10144
14228
13099
8138
13951
16247
12663
16040
15797
9160
14957
9257
14799
12776
11534
14747
15359
14073
9057
15938
16426
9790
10179
8394
13309
11689
11015
16630
16353
12637
13964
12492
13846
16790
14350
10370
8230
16639
13950
13617
15671
11313
10233
16607
11089
8926
14512
9122
13625
13436
15303
12080
9895
16138
11062
16228
13623
10267
13562
13388
11362
11321
8619
12005
12434
15012
9619
13389
11569
11107
15266
16960
11868
10804
14655
15245
15994
8914
12546
13181
14979
13042
13535
16356
15107
12910
8736
15138
13307
8663
13507
11926
13913
10766
10405
16291
17739
15105
14332
13880
11315
10075
13611
11578
9679
10036
13196
16150
14756
16210
16240
14418
9312
9265
11508
14920
11547
10166
10815
14507
10976
14229
13366
10609
8121
13444
8439
8150
11597
10524
12377
10912
15951
12343
13726
12410
11377
14890
13485
15422
11712
15263
12308
14255
13137
10764
13968
13517
8888
15672
14627
12252
9986
13532
10997
14639
12490
15159
16584
12704
10162
13256
13361
10578
12333
16862
12503
14711
9657
10387
12107
10751
11917
10427
15295
10808
14184
15972
10556
8426
11173
13766
12323
11527
10640
9440
15487
16962
10903
12120
8414
15050
10042
12560
9353
8885
16202
9250
16802
13432
16266
15516
11809
14339
15750
8683
10900
11180
15904
12689
15127
10523
15205
15223
10762
9820
8606
16050
8511
8107
14769
11350
8580
11032
10489
13225
8022
12477
16116
9851
15694
15834
11678
11460
11317
12960
15125
16272
10438
13236
13014
15082
12664
9063
16417
14467
11424
15932
15643
15254
10325
15600
14819
16087
10462
9159
8795
8046
15428
14145
10282
11930
14088
9920
9352
8081
10641
15653
9328
13097
9151
10100
16444
9168
11492
12577
8509
16450
14190
13584
13657
11047
13094
15063
17591
8073
16158
13605
14986
12765
12418
8507
8015
15608
12613
14905
15450
10340
15118
13466
8139
10342
14734
16509
13086
15936
9723
8513
13967
12102
13360
11805
16867
15856
13954
14540
8338
11219
15597
11879
13079
14168
14950
15016
9942
8662
16259
14308
15673
15840
13578
13351
11179
11018
12571
15744
12255
11876
12360
14282
13091
13791
13862
14118
15827
8188
12028
9082
8197
12103
16956
9574
10743
14965
16446
14248
13714
12965
12260
9157
11607
15172
9805
10138
12824
16277
11506
15315
10375
11924
8211
8965
16092
16424
10601
14744
8370
12279
8223
16019
13677
14230
11518
15591
9099
12472
15398
12395
11627
8413
16068
13066
9564
11869
11010
8385
13604
8916
12662
15886
8941
15899
15615
11981
11934
10531
13134
9478
14906
10859
14152
8902
9499
12438
11667
14153
9702
16110
14151
12100
10788
15354
11725
15504
16640
9994
11598
14018
13149
10826
10711
15639
13183
15839
8175
15663
13008
11579
12709
8253
16248
8653
13228
16815
10593
9032
9416
11524
13992
8839
12787
13621
16511
16823
14985
14690
14549
8088
15820
12295
9149
9444
16761
11794
13227
10310
10830
16331
10271
8682
13948
12466
9558
14273
16901
10613
9228
13413
12936
8260
14742
14504
9804
9502
16672
15846
13189
11965
12225
12207
14120
12143
10922
16270
16581
13499
16149
9984
15225
11335
11406
8856
8200
15079
15893
15660
15832
12535
14981
14220
11203
10675
16127
12633
11401
13543
15638
11629
13293
13174
13786
13640
10622
8624
15682
11484
15621
13343
8087
12876
8705
10320
9528
12276
12202
11688
10004
9133
9894
8514
8549
14214
16933
9978
9130
8588
15502
13695
13464
9722
8504
11966
11736
11432
9883
14096
9709
15475
12152
10158
12684
14023
14533
8750
12270
11165
15334
11620
15929
16249
14723
15421
14588
11081
9248
16520
13030
14775
14553
9566
15246
12287
11111
8778
16236
13521
9666
14748
9587
11830
16742
13612
16573
12039
14696
10677
14547
9983
9814
15571
14503
13177
13558
11756
8458
10638
8557
10818
15438
16534
11562
12700
12565
16871
16037
8193
11608
13945
10439
17342
11384
16140
11889
14218
14615
16558
9322
8284
12604
15187
14361
11909
13034
10018
10782
8146
15242
8119
16011
8391
8407
14057
14589
16653
9185
14564
16810
12568
12244
10012
11338
8361
12677
15761
9872
14958
16383
9866
10891
12981
13318
8645
13685
15285
10063
8054
16930
9360
12232
13519
9273
9221
13958
16565
9830
13738
15738
10564
11755
12335
10697
16642
15845
8655
10050
15510
14908
10691
15847
12542
10421
14010
9832
14760
15131
10111
16527
16224
13581
11211
12681
16456
8489
14053
12221
11275
10569
12610
8859
15681
9909
14383
15677
16265
12500
13455
8913
8754
9635
15631
11166
15362
8352
12256
13749
9816
17513
14429
12383
11312
13354
14378
14556
9591
10840
13857
15562
8805
12439
15626
12927
13087
9653
14709
9612
12499
11292
9824
8158
15708
17686
9391
12245
13339
9371
12243
8609
14134
13131
16649
8850
16188
12069
10535
9259
9995
10598
15115
8552
14663
10926
8667
8569
10393
16778
14998
11812
13724
11011
16371
11833
12671
14472
11771
9677
15655
9309
13317
15520
16481
17137
16828
14910
17888
8920
13292
9968
15700
9531
16106
12865
13739
12721
11169
8918
12758
16361
12116
15800
12617
15444
8224
8728
14808
13722
12165
12956
11453
12873
10396
14827
15580
13610
8023
15556
14691
15652
14146
8747
14243
8765
8239
9823
10286
13773
9867
9594
15710
13570
12075
15675
14933
9781
9840
8756
13820
13416
14852
9232
11280
12903
12057
15513
8012
16655
12441
8618
15461
16466
10608
9907
11855
15499
11963
12489
8933
12606
10707
11853
12970
9518
14283
10465
10160
16396
14327
10259
14448
11142
10742
13824
12720
14363
15423
11677
14697
13169
10683
15404
10868
8752
18017
11026
9843
12470
9519
9069
12147
9131
10862
12433
10595
13658
10972
15595
8210
11946
9810
14672
11386
11516
15628
10995
10760
14405
8386
8331
11461
12172
15535
15609
10993
11308
12231
14236
11937
9806
10478
11626
9408
13995
8835
10349
10873
16101
8440
13012
10558
14286
11998
16255
16184
16783
15135
12309
16310
16015
14995
8185
14115
9141
12459
13061
9896
14940
14502
10226
16169
11392
14842
9187
17790
13122
10167
13357
8948
8342
13429
13064
16165
9597
16604
14676
14837
10215
12742
15604
11287
12570
16245
8776
13053
16497
12468
8173
16073
16503
8649
8168
14865
11133
16483
15056
15292
12687
10962
12046
14113
12288
9757
11340
12734
16001
13631
9224
15855
11984
9822
11829
10964
13542
8724
14620
14599
12728
11504
16350
12437
11016
16433
14670
12462
11296
10125
12408
9485
8425
12502
11301
16685
15482
16428
14318
9644
16471
12351
9910
9424
15674
12775
13693
10076
16719
9553
12467
8730
16911
16445
13742
9771
16919
14963
10314
9650
8544
14538
11675
11816
13702
12208
13362
8072
8484
15241
9721
14656
10806
8332
11354
14740
13893
11160
12233
15451
15882
10329
10588
14102
16238
15517
11576
16658
14017
13809
12460
8936
14456
14613
14194
16967
18010
13670
16012
14198
12264
9510
8222
9421
12106
13704
13888
13883
11881
16899
14758
10998
13319
10183
11437
9138
9247
14536
14455
15171
10380
10099
8744
8323
11743
15365
8434
14633
13290
14834
14320
9342
15153
10336
10981
9263
14370
12592
15930
16365
10149
10626
9144
17519
16430
8244
9670
15611
9028
14810
8421
16300
8337
15806
11113
16643
9649
11564
8299
13116
10356
15784
8363
10015
15731
9868
13418
11585
16402
11862
13447
16627
13313
9097
16668
14794
12984
8783
12376
13939
8824
9929
13911
12101
14851
16058
9419
10045
14571
15497
16097
13797
16485
11645
15261
16941
11723
16482
14256
12544
16463
13923
15935
9939
9957
10866
13245
8741
11803
11680
16939
11390
14736
16488
10399
10502
13929
14898
11947
10432
9685
15126
15336
8048
16887
12362
12805
13599
10159
10824
13674
15698
13443
10428
16663
8574
16723
10658
12520
11922
15323
9214
15762
11365
16996
14306
16870
11880
12895
9433
10536
11065
11272
16974
8059
14579
8296
16718
9093
11161
14072
11254
14223
9506
8350
15565
13491
13114
12975
15083
12916
11281
13851
8935
11838
12380
12761
13359
15957
8279
11785
14679
9202
9964
13298
16615
14270
14603
8267
9011
12888
10494
9742
12086
16879
15752
9724
9118
15454
8533
8798
12954
14509
16195
12199
15011
15616
8646
11202
11979
11927
16237
14443
13393
14300
16343
11122
10975
12447
11299
13406
11565
13591
16274
15253
13067
14513
13865
10784
11976
12211
12013
10120
9570
14213
14764
11380
12166
12832
16209
14276
9893
16929
9081
13303
9100
9027
15924
12131
16671
17043
14293
8157
16514
16913
14494
14960
14034
11412
16843
15212
17261
14915
12839
14677
14222
8587
13379
16570
8755
12515
16153
11834
12397
8575
15526
9244
10657
12217
11191
10452
14605
15554
15836
8122
15312
13325
9110
15071
15798
8203
15991
8336
8851
8793
8614
15284
13103
11436
15888
14425
12794
9807
13914
16476
12886
10485
12506
14369
13858
10148
9733
16156
16710
14324
8447
14367
15014
15758
14298
16113
9091
10188
16409
15590
9811
12902
14845
13124
14441
16457
15759
14266
16945
8161
15920
11485
8558
8924
15277
14630
12976
12259
13730
14141
12572
9058
13143
9393
16014
12609
8327
8858
12869
16984
8483
14622
8637
15122
12821
16800
12807
10419
13645
10787
17743
15136
11859
11559
13564
11642
8883
9897
13075
8248
15128
11919
15802
15069
11083
8181
8757
16308
11604
8217
12349
16373
10614
17692
12121
10954
8424
11550
13849
8656
8546
13056
16619
10982
15036
11444
14704
16648
15774
15397
16318
15251
8675
9000
10667
14907
14934
8171
8864
12076
14708
8044
14606
9148
12501
11589
15922
8307
12488
11494
8801
13268
11215
10503
9996
9111
11282
12228
15151
15662
11126
16399
15679
11932
16143
15349
14746
16591
13616
10260
12912
14541
9575
15583
9991
16305
9465
8931
15911
15435
8281
13255
9871
12017
16390
16957
8952
15785
10648
16635
11139
8055
13328
16246
9826
14658
13165
14323
15582
8581
15103
11398
13483
15973
13549
12175
12136
11459
9310
8565
13761
16009
8719
14491
11286
9442
8400
8047
16953
8836
8221
11497
10469
16148
13850
14437
15058
16041
14237
11985
12416
14048
11871
11616
15592
14069
8976
14946
8416
8822
14268
8190
11828
12210
10796
15464
10094
8196
14650
11772
11101
15944
14464
13150
12478
9409
14139
12796
12526
9544
12359
14333
12889
14835
16082
16333
8502
10460
16827
13107
9623
10316
15394
10835
12937
16576
8187
10237
13736
9745
14396
11684
15550
14183
14417
11236
16227
12932
13363
16688
14558
9703
8915
15410
12552
8635
11728
12177
16586
9861
8563
10309
9307
15745
11747
9332
14699
8582
13399
14649
9665
9361
12050
11040
13171
14137
11921
8751
14814
16418
16864
12563
9412
8780
14462
14374
11225
13509
11507
12286
11558
14966
8628
14983
14440
8845
13383
15705
13973
15030
10837
9732
9304
8403
12643
15883
11561
10771
9694
14234
9630
16794
17658
8468
16975
8251
16372
10377
8491
16645
11207
8526
8505
13182
8985
14821
10913
10727
15667
11692
15925
13961
9645
14777
13828
12247
8833
13233
9699
16869
16367
12653
8623
9054
8547
16736
16387
16780
15169
9844
10548
11936
9643
10135
16886
9245
15025
10211
14969
9158
8886
16741
10647
9837
15848
15452
8953
13580
11164
15400
13332
12998
10756
12373
9340
15366
14317
13281
11959
14683
11027
10113
16936
13757
13139
10033
11832
12666
11637
10853
10809
8100
16359
8477
8170
13819
14091
12772
11673
13025
16579
13294
11190
10673
8638
10216
8848
10974
12880
15324
9955
15910
14875
9943
12799
15828
13977
13551
9960
11630
13247
11345
12973
8405
14319
11360
13889
13178
16111
12750
16832
10104
10526
11990
11752
11121
11381
15265
9277
9327
16124
16254
13837
14824
10321
10906
12882
15427
14278
12216
12929
11464
11563
12648
15937
16162
15460
16851
15530
10139
11556
16838
13629
16269
9714
12933
16667
14242
10694
16366
15340
12812
14710
14648
11220
16393
11948
10378
8803
13412
13315
11535
9012
14854
13925
8445
8125
8621
15280
15213
12061
10146
15606
10517
14428
9548
11240
8515
8283
11216
8707
15055
13813
8258
8995
11500
14790
12966
11551
16578
15018
12117
14972
15743
13675
16677
8412
11174
14182
11873
15116
8335
16818
14638
12809
10200
11074
14447
10067
15167
14522
11297
13944
12111
8762
11599
14129
11024
9481
16313
15906
14336
12481
13001
15803
11891
15914
12085
17276
12972
13440
10205
15477
16304
12901
8062
17583
16244
15210
11273
15666
10263
15999
15665
14984
12486
12369
11713
15170
13906
11617
12779
13622
12064
15415
11787
14836
15599
8316
16771
9405
13258
10448
10222
12393
15160
15552
9427
14768
15412
9772
12615
13392
10518
11700
16435
8969
16020
16003
12388
13358
15512
14545
8465
16779
16056
10323
12275
9912
15059
16096
9846
8078
15007
11218
15979
13908
10000
15559
16725
9533
9104
9592
14806
12774
10857
11337
8298
15646
8919
11595
11956
13894
8183
15121
11495
16063
10644
15788
10605
10270
16978
8766
9397
12449
14695
16434
11867
9031
10223
10479
16462
14868
9545
8319
15534
10620
16207
13588
11199
14112
9048
11892
11330
16403
12670
9687
11658
9809
11682
15100
12118
10875
15445
13540
10341
11022
10909
11151
16914
14786
14209
14012
10333
11849
10103
9588
10733
14080
10192
16910
11814
15581
11034
13345
12273
8408
15413
11316
9222
9676
13666
16863
9166
13541
13920
15964
10822
14770
11244
9673
11583
8772
15142
16623
9287
15301
13763
14414
10118
9750
13375
12230
13936
12073
9639
14925
10471
9773
12870
8500
11615
15812
8510
14914
12745
15884
13385
12801
14485
12184
16268
10029
11253
12042
12849
12213
15634
9919
12365
16608
16915
15732
11521
11724
12582
13118
8227
15345
12484
12543
9607
14422
10630
12738
10225
11610
9695
9055
11422
12718
11549
14247
10586
10740
8647
14257
11019
16332
12740
15654
15926
14082
14793
9727
16893
10714
10933
13690
13891
10272
8113
13454
16267
9853
9374
9565
8145
9169
15183
14938
10400
12793
13696
14006
13940
12139
11898
13926
16806
14149
9272
12491
12363
9043
13039
9075
13918
16612
12368
9550
15584
15106
14419
12768
12988
8318
14478
12312
13743
10165
8486
8608
11823
10616
9087
10487
12852
13330
9209
9746
11854
10369
8427
15095
13279
15544
15617
8050
15037
8846
8317
15273
13790
14328
9495
15765
10896
13296
13009
16662
10296
14624
11278
15885
13810
11326
14106
12978
10915
15081
9344
8472
10943
9268
13815
15685
14874
12669
16447
14919
10910
12860
14531
16847
8817
11006
17970
10870
8395
12777
11886
13572
12346
14402
12909
16752
8076
14964
13479
14219
8972
12590
10172
9507
12697
10069
16819
14569
13808
14394
9299
8617
9628
9219
16239
14576
11587
16408
9243
15871
9538
9488
8929
9736
10112
10441
15857
12348
9242
10117
8865
15753
15393
9128
15835
9475
15640
11846
15493
14345
10720
10537
11856
14918
16394
8527
8572
11783
8807
9223
15289
9841
16091
13368
9348
11052
16348
14801
16264
10653
11474
8309
9899
11810
12048
13334
14481
13128
15557
14299
13980
14326
14755
13161
8560
9888
15869
11376
11293
16842
14555
10865
14264
14212
13415
8320
15276
14354
15767
9067
14355
11694
12561
11060
10346
15010
8690
8529
11265
8270
13041
9321
13746
9571
15237
10700
9302
11992
14582
13867
15686
15218
14008
16081
10546
8167
12783
16467
13680
9647
13216
14231
9979
16774
9882
12521
13219
11429
8825
14506
17687
12420
9020
16412
12452
14948
14644
12456
11989
14322
17542
13364
15696
9663
9341
13537
8480
15699
13897
11430
10291
11241
9527
8428
11314
16633
10326
15790
15262
10240
15442
11067
9156
11374
10935
12222
11176
12455
10124
9215
9072
8843
12925
13226
8829
14005
15766
13737
15491
8978
8725
10476
8220
12443
15898
14403
13119
10955
14535
10698
10581
11366
12964
12195
8240
10245
16296
13417
16171
13409
8583
16680
8376
9452
8233
14866
8469
12730
12421
13209
8218
14135
14407
11259
12701
8863
15539
16756
14685
9124
12623
15756
11072
16374
15496
10121
13220
16141
13167
9204
12585
16644
11784
14156
13382
12161
12078
8540
13456
15656
8114
15969
9537
15228
13299
13194
16411
15419
13745
11843
11471
13620
8901
13544
14294
11351
10904
15408
15725
9066
8068
16744
9717
16538
11428
16052
15958
15192
11746
9797
15034
9981
14700
11660
12327
14063
16474
15485
13213
9590
9739
15889
16768
9648
10414
10447
16637
10985
9941
11904
11791
15194
8748
8679
14573
12534
12347
11950
10109
8570
12977
11643
12068
18012
8796
13426
11257
14823
9683
14878
13896
13463
14955
11806
15960
11341
11050
15946
14089
15300
13962
15983
10364
14496
17817
12051
16421
10374
14559
14479
11046
11187
13735
16377
9006
12834
8252
11836
9937
10147
9756
9678
10133
14892
10580
10749
13712
17872
15830
10278
11742
13826
10344
10510
13557
14125
12056
13863
11389
